3,0,2,0,-2,100,100,100,100,0,0,0
3,0,-2,0,-2,100,100,100,100,0,0,0
3,0,0,-2,-16,255,0,0,100,0,0,0
1,-0.8,0,-0.6,100,100,100,0.2,0.2,100,0,0,0
1,0.8,0,-0.6,100,100,100,0.2,0.2,100,0,0,0
1,-0.8,0,-3,100,100,100,0.2,0.2,100,0,0,0
1,0.8,0,-3,100,100,100,0.2,0.2,100,0,0,0
0,-0.8,-1,-0.6,100,100,100,0.3,100,0,0,0
0,-0.8,1,-0.6,100,100,100,0.3,100,0,0,0
0,0.8,-1,-0.6,100,100,100,0.3,100,0,0,0
0,0.8,1,-0.6,100,100,100,0.3,100,0,0,0
0,-0.8,-1,-3,100,100,100,0.3,100,0,0,0
0,-0.8,1,-3,100,100,100,0.3,100,0,0,0
0,0.8,-1,-3,100,100,100,0.3,100,0,0,0
0,0.8,1,-3,100,100,100,0.3,100,0,0,0
0,0,0.3,-1,255,255,255,0.1,100,0,0,0
@
p,2,0,1,0.8
p,-2,0,1,0.8
@
c,0,0,2
@
D,0,180,0
